01154
01512
00710
00284
00176
01137
00734
00701
00540
00325
01224
00074
01031
00932
00719
01048
00569
01099
01493
00156
00618
01228
00764
00442
01381
00925
00978
00011
01181
01265
00274
00039
00052
00005
01479
01238
00634
00792
00150
00629
00975
00972
00412
00161
00334
01513
01151
00967
00359
00596
01341
00911
00087
00226
00803
00480
00559
00560
01374
01277
01158
01511
01504
01486
01474
01396
00471
00526
01037
00936
01313
01489
00277
00279
00608
01393
00489
00386
01455
01075
01197
01447
00061
00714
00499
01408
01083
01074
00369
00922
00432
01142
00459
00085
00297
01066
00024
01470
00678
01537
00650
00579
01139
01136
00043
00529
00738
01068
01081
00940
01267
00322
01388
01030
00643
01350
01143
00214
00625
00746
00651
00373
00064
00411
00913
01020
00895
01096
01305
00864
00264
00960
00218
00811
00070
01095
00420
01258
01053
01016
00917
00760
01194
00611
00543
01055
01170
00144
00636
00519
01255
00832
01438
00789
01098
00379
01025
00961
00720
01361
00478
01311
00680
00593
00009
00083
00333
00067
00225
00358
00546
00695
00125
00737
00062
00755
00419
01451
00299
00705
01440
00702
00686
00215
01420
01452
00487
00318
00670
00791
00816
01412
01094
01108
01088
00549
00572
01259
00544
00804
01114
00147
01192
00810
01092
00463
01271
00146
00422
00693
00795
01437
00394
00500
00987
01050
00857
01457
01423
01062
01392
00451
00878
01162
00135
00731
00255
01239
00787
00010
00866
01166
01357
00783
00979
01335
01344
00632
00633
01203
00307
00443
01221
01434
00276
00605
00129
00958
00356
01483
01176
00948
00355
00266
00030
00934
00709
00639
01231
01400
00951
01466
01450
01167
01306
00491
01289
00926
00450
00049
00916
00018
00308
00006
01107
00771
00834
01064
01145
00536
00637
00001
01126
00652
00756
01266
00449
00841
01070
00079
00641
00476
01349
00571
00433
01121
00270
00505
01280
00303
01278
01318
01180
00314
01195
01510
01476
00870
01323
01183
01325
01242
01251
00190
01297
01060
00192
00383
01100
00847
01281
00772
00843
00040
00231
00707
00677
00541
01494
00807
00525
00372
00553
01460
00242
00465
00473
00733
00287
00477
01230
00290
00607
00309
00741
00497
00962
00295
00362
01501
01294
00665
00950
00942
00081
00462
00485
00699
00557
00413
00869
00897
00901
00391
00341
01038
00996
00453
00234
00578
01204
00124
00219
00806
00915
01106
00191
01003
00503
00315
00222
00302
01461
00570
00785
00649
01199
00613
00964
00945
01174
00244
00562
00155
00718
01115
01389
00691
01380
00523
00466
00779
00036
01464
00165
00397
00457
00846
00534
00504
00263
00311
01473
00933
01129
00646
00403
01240
00721
00075
01332
00120
01044
01373
01310
00666
00876
00342
00778
01125
01276
00891
00565
01237
01028
00077
00750
00470
01372
00598
00384
00114
00032
00330
00437
01089
00844
00182
00268
01390
00406
00568
00965
01202
01516
01168
00980
00057
00267
00317
01459
01293
01515
00683
01471
00159
00777
01484
01024
00767
01190
01001
01270
01015
00657
00377
01131
00527
00981
00954
01262
01229
01198
00713
00019
00127
00822
01288
00545
00919
00401
00952
00434
00196
00306
01366
00885
01295
01009
00366
00898
00501
00441
01018
00301
01133
00245
00414
00602
00023
00013
00098
00365
00824
00587
00589
00821
00823
00328
01320
00291
00521
00626
01367
00056
00423
01161
01316
00653
00247
00976
00752
01446
00836
01120
01127
00298
00514
01021
00296
00563
00448
01159
00068
00230
00071
00542
00935
01427
00153
00893
01299
00374
00100
01179
00592
00020
00396
00953
00747
00435
00116
01002
00762
00118
00567
01076
00483
00349
01246
01322
00842
00577
00956
01171
00233
00511
00430
00735
00920
00492
01327
00606
01443
00363
00929
00338
00754
00648
00584
01351
00531
00343
00547
01421
01352
01282
01534
01041
00380
00283
01338
00160
01353
01422
00674
00350
00813
00904
00375
01463
00688
01188
00292
00300
00852
00347
01047
01386
01430
00865
01272
00620
00360
01029
00588
01397
00617
01410
00181
00498
01301
01302
01116
00370
01315
01077
00015
00149
01354
00344
00859
00516
00827
00990
01403
01481
00259
01257
01508
00227
00745
00385
00232
01433
00853
01439
00282
01017
01394
00510
00782
00524
01312
00170
00888
01084
00229
00903
01370
00305
00106
00110
01533
00551
00590
00899
00158
00662
00141
00440
00203
01284
00675
01033
01213
00382
01326
00880
00696
01285
00937
01385
01042
01382
00658
00326
00790
01111
01287
00431
01123
00989
00732
00985
00128
00848
01454
01193
00766
00076
01495
01429
01172
00768
00687
01134
01214
00273
00468
00084
01485
00339
00088
01090
00402
00073
00717
00530
00728
00197
00454
00914
00051
01517
00647
00923
00793
00748
00151
00668
00871
01363
00126
00656
00142
00157
01336
00550
00044
01000
01150
00673
00703
01395
00907
00278
01506
00205
00554
00515
00016
00337
00533
00998
00883
00973
00410
00014
00860
00837
01101
01391
01013
00603
01146
01155
00966
00761
00167
00464
00986
01165
00050
00773
00407
00724
00988
00797
00037
00428
00855
01218
01347
00123
01104
01223
01529
01333
00335
00890
01057
01059
00094
01432
00336
00429
00331
00757
00798
01012
01217
01069
00704
01261
00288
00520
00134
00805
00994
01458
01043
00830
00059
01175
00661
01148
01046
01409
00207
00490
01268
01314
00799
00486
01309
01045
01523
00763
01526
01140
00749
00786
00671
00082
01441
01049
01071
00774
00353
00493
01536
01187
00101
00983
00392
00912
01147
00133
01453
00908
00496
00427
00999
01465
00271
01149
00974
00109
00201
00228
00236
00364
00518
01023
01445
00148
01200
00221
01097
01502
01308
00610
01093
00597
00321
00166
01216
00254
00180
01321
01177
00249
00535
00508
00046
01342
00512
00310
00416
00260
00924
01222
01026
00796
01291
00697
01109
01472
00700
00722
00265
01296
01052
01290
01490
01527
01406
01173
00130
00502
00235
00826
00877
00997
00884
00689
01376
00769
00873
00729
00446
01256
00495
01468
00758
00086
00861
01416
00802
01279
00210
00574
00000
00659
00744
00237
00627
00439
00022
00815
00444
01524
00472
00272
01067
00324
00357
00725
00281
01497
00862
00817
01411
00398
01169
00621
01138
00319
00415
00211
00216
01503
00879
00944
01189
00194
00949
00400
00209
00955
01275
00969
00874
00238
01532
00711
00708
01119
00054
00765
00042
01248
00600
00008
01163
01402
00723
01153
01072
00115
00137
00452
01407
00838
00186
00262
00902
01034
00506
01505
01307
00089
00840
00031
00759
00645
00784
00239
01360
00586
01220
00909
00213
01263
00881
01359
00004
01087
00348
00405
01073
00517
00712
00171
00887
00275
00111
01417
00240
00513
01435
00091
00096
00208
00329
00854
00178
01340
00399
00139
00640
00154
00604
01264
01061
01036
00093
00856
00047
01122
01356
01082
01011
00438
00445
00212
01362
01414
01086
01135
01368
01337
01079
00193
01156
00198
01063
00938
01035
00168
00241
00488
00404
00800
01006
00727
00421
00252
00354
00173
00814
00679
01227
00558
00340
01384
01415
00900
01492
01426
00982
00631
01317
00730
00740
00102
00676
00690
00941
00104
01358
00294
00583
00585
00409
00910
00055
01233
00204
00332
01235
00346
00595
00669
01418
01286
00080
01102
00481
00623
01245
00425
00851
01334
00286
00320
00971
00152
00189
00977
00928
01522
01467
01364
00660
00136
00599
00892
00183
00122
01442
01118
00475
01260
01444
00743
01103
01215
01065
00038
00867
00872
00482
00426
00045
00361
00638
01499
01019
00479
00896
00698
01387
01398
00138
00561
01456
00408
01401
01112
01058
00581
00845
00642
01399
00368
01185
00528
00939
00833
00371
00345
00174
00808
00112
00378
01252
00663
00601
00066
00140
00456
00041
00280
00555
00582
01319
00619
01413
01531
01014
00552
01219
01117
01298
00494
00164
01210
00615
01462
00868
00609
00003
00667
01132
00781
00839
00575
00507
00460
00469
01141
00685
01247
01269
01480
00819
00831
01339
00537
01345
01491
00162
01080
00145
01211
00012
00905
00957
00672
01425
00065
00850
01371
01205
00248
00992
01500
01482
01449
01209
01005
00943
01032
00021
01498
01178
00312
00461
00684
00532
01164
00886
00103
01027
00352
00253
00715
01519
01078
00776
00681
01378
01525
01329
00002
00393
00906
00548
00224
00849
00143
00097
00538
01191
00682
01124
01528
00995
00285
00058
01514
01250
01328
00622
01249
01436
00033
00092
00455
00694
00576
00269
00788
00027
01375
01431
01022
00163
00775
00169
01130
00918
01535
00388
00017
01201
00175
00564
01283
00099
01488
00389
00289
00119
00801
00026
00351
00812
00202
01292
00858
01110
00185
01424
00612
01405
01212
00628
01144
01520
01085
00395
01428
00863
01040
00206
01254
00217
00424
01507
00739
01206
01478
01448
01236
00034
00381
00509
01225
00993
01477
00313
01010
01184
00984
00251
00556
00829
01274
00818
01509
01051
01324
00177
01355
00063
00293
00053
01521
00243
00594
00327
01234
01253
00304
00069
01273
00875
01331
01346
01208
01383
00624
00200
01241
00484
00706
01377
00188
00946
01186
01226
01007
00591
01496
01054
00025
00436
01404
00614
00692
00246
00931
00820
00220
01300
01330
00963
00753
00258
01365
00894
00257
01182
00474
00991
00458
00417
00179
01196
00580
00970
01152
01469
00770
01091
00573
01379
00095
00930
00726
01348
00882
00780
00007
00467
00107
00261
00736
00060
00121
00316
00809
01487
01160
00035
00199
01419
00825
01113
00223
00029
00447
00048
00108
00742
00828
00751
00390
00927
00117
00131
00921
00635
00078
00387
00256
00654
00655
01157
00947
01518
00072
01105
00616
00644
00959
01207
01056
00113
01243
01004
00090
00630
01008
00716
01530
00835
00539
00028
00968
01244
00418
00195
01343
00184
01369
01232
00376
01304
00250
00132
00323
00566
00794
00187
01128
01039
00522
01303
01475
00889
00664
00105
00172
00367
